{"protocolVersion":"0.3","gameModeName":"Drop down","numberOfColours":4,"randomSeed":0,"qa":false,"scoreTargets":[10000,20000,30000],"portals":[[[7,1,14],[6,2,14]],[[6,2,14],[5,3,14]],[[5,3,14],[4,4,14]],[[4,4,14],[3,5,14]],[[3,5,14],[2,6,14]],[[2,6,14],[1,7,14]],[[1,7,14],[0,8,14]],[[0,8,14],[6,0,14]],[[6,0,14],[5,1,14]],[[5,1,14],[4,2,14]],[[4,2,14],[3,3,14]],[[3,3,14],[2,4,14]],[[2,4,14],[1,5,14]],[[1,5,14],[0,6,14]]],"gates":[],"episodeId":0,"levelId":"134172","isOwlModeEnabled":false,"licoriceMax":0,"licoriceSpawn":0,"mulockCandyMax":0,"mulockCandySpawn":0,"pepperCandyMax":0,"pepperCandySpawn":1,"pepperCandyExplosionTurns":9,"mysteryCandyMax":0,"mysteryCandySpawn":0,"chameleonCandyMax":0,"chameleonCandySpawn":0,"stripedCandySpawn":0,"stripedCandyMax":15,"stripedRowCandySpawn":0,"stripedRowCandyMax":0,"stripedColumnCandySpawn":0,"stripedColumnCandyMax":0,"wrappedCandySpawn":0,"wrappedCandyMax":0,"fallingIcingMax":0,"fallingIcingSpawn":0,"frogStomachSize":0,"evilSpawnerElements":[],"evilSpawnerAmount":1,"evilSpawnerInterval":3,"moveLimit":16,"extraMovesMin":0,"extraMovesSpawn":0,"ingredients":[5,0],"maxNumIngredientsOnScreen":5,"numIngredientsOnScreen":5,"ingredientSpawnDensity":0,"tileMap":[["048","048","048","048","048","000","087088089011013012017","000","005026088029018"],["017008","017","017008","017","010008021","086087088089011013012017","000","017087088089005071011012","018"],["017","017008","017","010008020","086087088089011013012017","000","017087086088089011013012","018","018"],["008017","017","010008021","086087088089011013012017","000","017087086088089011013012","018","018","018"],["017","010008020","086087088089011013012017","000","017087086088089011013012","018","018","018","018"],["010008021","086087088089011013012017","000","017087086088089011013012","018","018","018","018","018"],["086087088089011013017","000","017087086088089011013012","018","018","018","018","018","023"],["000","017087086088089011013012","018","018","018","018","018","023","018"],["017087086088089011013012","018","018","018","018","018","023","018","018"]],"levelDefinitionId_meta":603856,"version_meta":18,"id_meta":3634}