{"evilSpawnerAmount":6,"randomSeed":0,"tileMap":[["002003005","002003005","002003005","002004005","002004005","002004005","002003005","002003005","002003005"],["002003","002003","003006021","002004","004006020","002004","003006021","002003","002003"],["002003","003006021","002004","002004","004006021","002004","002004","003006021","002003"],["002004","002004","002004","002004","004006022","002004","002004","002004","002004"],["002004","004006020","004006021","004006022","004006062","004006022","004006021","004006020","002004"],["002004","002004","002004","004006020","004006022","004006020","002004","002004","002004"],["002003","002003","002004","002004","004006021","002004","002004","002003","002003"],["002003025","003006009","002003","002004","004006020","002004","002003","003006009","002003025"],["003006021","002003025","002003","002004","002004","002004","002003","002003025","003006021"]],"episodeId":0,"portals":[],"gates":[[[6,5],[6,6],[2],[0]],[[5,6],[5,7],[2],[0]],[[5,7],[5,8],[2],[0]],[[3,7],[3,6],[0],[0]],[[2,6],[2,5],[0],[0]],[[0,5],[0,4],[0],[0]],[[2,3],[2,2],[0],[0]],[[3,2],[3,1],[0],[0]],[[3,1],[3,0],[0],[0]],[[5,0],[5,1],[2],[0]],[[5,1],[5,2],[2],[0]],[[6,2],[6,3],[2],[0]],[[8,5],[7,5],[3],[0]],[[7,5],[6,5],[3],[0]],[[3,6],[2,6],[3],[0]],[[2,5],[1,5],[3],[0]],[[1,5],[0,5],[3],[0]],[[5,8],[4,8],[3],[0]],[[4,8],[3,8],[3],[0]],[[3,8],[3,7],[0],[0]],[[0,4],[0,3],[0],[0]],[[0,3],[1,3],[1],[0]],[[1,3],[2,3],[1],[0]],[[2,2],[3,2],[1],[0]],[[3,0],[4,0],[1],[0]],[[4,0],[5,0],[1],[0]],[[5,2],[6,2],[1],[0]],[[6,3],[7,3],[1],[0]],[[7,3],[8,3],[1],[0]],[[8,3],[8,4],[2],[0]],[[8,4],[8,5],[2],[0]],[[6,6],[5,6],[3],[0]]],"licoriceSpawn":0,"scoreTargets":[82000,300000,370000],"licoriceMax":0,"pepperCandySpawn":0,"pepperCandyMax":0,"initialMovesUntilMoonStruck":20,"mysteryCandyMax":0,"levelId":0,"mysteryCandySpawn":0,"rightWeightToTriggerMoonStruck":10,"chameleonCandyMax":0,"totalWeightToTriggerMoonStruck":20,"chameleonCandySpawn":0,"leftWeightToTriggerMoonStruck":10,"initialMovesDuringMoonStruck":5,"mulockCandyMax":0,"evilSpawnerInterval":3,"maxAllowedScaleDiff":9,"mulockCandySpawn":0,"protocolVersion":"0.3","useTotalWeightConditionToTriggerMoonStruck":false,"pepperCandyExplosionTurns":0,"evilSpawnerElements":[10],"useSplitWeightConditionToTriggerMoonStruck":false,"frogStomachSize":0,"numberOfColours":5,"isOwlModeEnabled":false,"gameModeName":"Light up","moveLimit":25,"name":"jelly6_tweak2_by_Clau_68442","levelDefinitionId_meta":910088,"version_meta":3,"id_meta":1586}