{"protocolVersion":"0.3","gameModeName":"Jelly Drop down","numberOfColours":4,"randomSeed":0,"qa":false,"scoreTargets":[232000,500000,550000],"gates":[],"episodeId":0,"levelId":"215601","isOwlModeEnabled":false,"licoriceMax":9,"licoriceSpawn":0,"mulockCandyMax":0,"mulockCandySpawn":0,"pepperCandyMax":0,"pepperCandySpawn":0,"pepperCandyExplosionTurns":0,"mysteryCandyMax":0,"mysteryCandySpawn":0,"chameleonCandyMax":0,"chameleonCandySpawn":0,"stripedCandySpawn":0,"stripedCandyMax":0,"stripedRowCandySpawn":0,"stripedRowCandyMax":99,"stripedColumnCandySpawn":2,"stripedColumnCandyMax":0,"wrappedCandySpawn":4,"wrappedCandyMax":0,"colorBombMax":0,"colorBombSpawn":0,"fallingIcingMax":0,"fallingIcingSpawn":0,"frogStomachSize":0,"evilSpawnerElements":[],"evilSpawnerAmount":1,"evilSpawnerInterval":3,"moveLimit":27,"extraMovesMin":0,"extraMovesSpawn":0,"ingredients":[3,4],"maxNumIngredientsOnScreen":0,"numIngredientsOnScreen":0,"ingredientSpawnDensity":0,"tileMap":[["002005004026108028","002005004026108028","002005004026108028","002005004026108028","002005004026108028","002005004026108028","005004026108017028","005004072026017","005004088045087011012107"],["002004","002004","002004","002004","002004","004017","004125088089086087011012","004017","004088045087011013012"],["002004","002004","002004","002004","004017","004126088089086087011012","004054011013","004017","004088045087011013012"],["002004","002004","002004","004017","004125088089086087011012","004054011013","004017","004017","004088045087011013012"],["002004","002004","004017","004126088089086087011012","004054011013","004017","004007","004017","004088045087011013012"],["002004","004017","004125088089086087011012","004054011013","004017","004007","004019","004017","004088045087011013012"],["004017","004126088089086087011012","004054011013","004017","004007","004019","004007","004017","004088045087011013012"],["004125088089086087011012","004054011013","004017","004007","004019","004007","004019","004017","004088045087011013012"],["004010054011013089","004010023124","004010083124","004010023124","004010083124","004010023124","004010083124","004010023124","004088045087011013"]],"portals":[[[8,0,14],[8,1,14]],[[8,1,14],[8,2,14]],[[8,2,14],[8,3,14]],[[8,3,14],[8,4,14]],[[8,4,14],[8,5,14]],[[8,5,14],[8,6,14]],[[8,6,14],[8,7,14]],[[8,7,14],[8,8,14]],[[6,1,14],[6,2,14]],[[5,2,14],[5,3,14]],[[4,3,14],[4,4,14]],[[3,4,14],[3,5,14]],[[2,5,14],[2,6,14]],[[1,6,14],[1,7,14]],[[0,7,14],[0,8,14]]],"levelDefinitionId_meta":1045543,"version_meta":9,"id_meta":5145}