{"wrappedCandyMax":0,"gates":[],"totalWeightToTriggerMoonStruck":20,"episodeId":0,"isOwlModeEnabled":false,"levelId":0,"luckyCandyMax":0,"wrappedCandySpawn":0,"protocolVersion":"0.3","licoriceSpawn":0,"maxAllowedScaleDiff":9,"initialMovesUntilMoonStruck":20,"timeCandyMax":0,"luckyCandySpawn":0,"_itemsToOrder":[{"item":16,"quantity":10},{"item":17,"quantity":12},{"item":19,"quantity":20}],"extraMovesMin":0,"gameModeName":"Order","licoriceMax":0,"useSplitWeightConditionToTriggerMoonStruck":false,"initialMovesDuringMoonStruck":5,"timeCandySpawn":0,"chameleonCandyMax":0,"extraMovesSpawnRate":0,"pepperCandySpawn":0,"useTotalWeightConditionToTriggerMoonStruck":false,"stripedCandyMax":0,"chameleonCandySpawn":0,"randomSeed":0,"pepperCandyMax":0,"moveLimit":17,"tileMap":[["000","005017026","000","002005026","005006009026","002005026","005006009026","002005026","005006008009026"],["017","008017","017","006020","002","002","002","002","002"],["000","017","000","017","000","002","002","002","006009"],["002","006020","017","008017","017","006008020","002","002","002"],["006009","002","000","017","000","017","000","002","006009"],["002","002","002","006008020","017","008017","017","006020","002"],["006009","002","002","002","000","017","000","017","000"],["002","002","002","002","002","006020","017","008017","017"],["006008009","002","006009","002","006009","002","000","017","000"]],"numberOfColours":4,"mulockCandyMax":0,"pepperCandyExplosionTurns":0,"frogStomachSize":0,"mysteryCandyMax":0,"stripedCandySpawn":0,"portals":[],"leftWeightToTriggerMoonStruck":10,"mulockCandySpawn":0,"scoreTargets":[65000,85000,100000],"rightWeightToTriggerMoonStruck":10,"mysteryCandySpawn":0,"levelDefinitionId_meta":419925,"version_meta":2,"id_meta":2801}