{"protocolVersion":"0.3","gameModeName":"Light up","numberOfColours":5,"randomSeed":0,"qa":false,"scoreTargets":[35000,100000,200000],"portals":[],"gates":[],"episodeId":6,"levelId":6,"isOwlModeEnabled":false,"licoriceMax":0,"licoriceSpawn":0,"mulockCandyMax":0,"mulockCandySpawn":0,"pepperCandyMax":0,"pepperCandySpawn":0,"pepperCandyExplosionTurns":19,"mysteryCandyMax":0,"mysteryCandySpawn":0,"chameleonCandyMax":0,"chameleonCandySpawn":0,"stripedCandySpawn":0,"stripedCandyMax":0,"stripedRowCandySpawn":0,"stripedRowCandyMax":0,"stripedColumnCandySpawn":0,"stripedColumnCandyMax":0,"wrappedCandySpawn":0,"wrappedCandyMax":0,"fallingIcingMax":0,"fallingIcingSpawn":0,"frogStomachSize":0,"evilSpawnerElements":[],"evilSpawnerAmount":1,"evilSpawnerInterval":3,"moveLimit":30,"extraMovesMin":0,"extraMovesSpawn":0,"tileMap":[["002005","002005","002005","002005","002005","002005","002005","002005","002005"],["002","002","002","003021","003081","003021","002","002","002"],["002","002","003020","003081","002003018025","003081","003020","002","002"],["002","003021","003081","003009","002003018025","003009","003081","003021","002"],["002","003081","002003018025","002003018025","002003018025","002003018025","002003018025","003081","002"],["002","003021","003081","003009","002003018025","003009","003081","003021","002"],["002","002","003020","003081","002003018025","003081","003020","002","002"],["002","002","002","003021","003081","003021","002","002","002"],["002","002","002","002","002","002","002","002","002"]],"levelDefinitionId_meta":667594,"version_meta":3,"id_meta":763}