{"scoreTargets":[70000,90000,110000],"pepperCandyExplosionTurns":0,"gameModeName":"Light up","frogStomachSize":0,"isOwlModeEnabled":false,"randomSeed":0,"tileMap":[["002004005","002004005","002004005","002004005","002004005","002004005","002004005","002004005","002004005"],["002004","002004","003006021","002003025","002004025","002003025","003006021","002004","002004"],["002004","003006021","002004025","000","004006022","000","002004025","003006021","002004"],["002004","002003025","000","000","002004008","000","000","002003025","002004"],["002004","002004025","004006022","002004008","002004008","002004008","004006022","002004025","002004"],["002004","002003025","000","000","002004008","000","000","002003025","002004"],["002004","003006021","002004025","000","004006022","000","002004025","003006021","002004"],["002004","002004","003006021","002003025","002004025","002003025","003006021","002004","002004"],["002004","002004","002004","002004","002004","002004","002004","002004","002004"]],"moveLimit":30,"episodeId":0,"portals":[],"gates":[],"levelId":0,"licoriceSpawn":0,"initialMovesUntilMoonStruck":20,"licoriceMax":0,"leftWeightToTriggerMoonStruck":10,"pepperCandySpawn":0,"rightWeightToTriggerMoonStruck":10,"pepperCandyMax":0,"totalWeightToTriggerMoonStruck":20,"mysteryCandyMax":0,"initialMovesDuringMoonStruck":5,"mysteryCandySpawn":0,"maxAllowedScaleDiff":9,"chameleonCandyMax":0,"useTotalWeightConditionToTriggerMoonStruck":false,"chameleonCandySpawn":0,"protocolVersion":"0.3","useSplitWeightConditionToTriggerMoonStruck":false,"mulockCandyMax":0,"numberOfColours":4,"mulockCandySpawn":0,"name":"jelly2_120_by_Clau_4557","levelDefinitionId_meta":394890,"version_meta":1,"id_meta":1777}