{"chameleonCandySpawn":0,"mulockCandyMax":0,"mulockCandySpawn":0,"pepperCandyExplosionTurns":0,"frogStomachSize":0,"isOwlModeEnabled":false,"rightWeightToTriggerMoonStruck":10,"_itemsToOrder":[{"quantity":1,"item":10},{"quantity":1,"item":11},{"quantity":1,"item":12}],"initialMovesUntilMoonStruck":20,"totalWeightToTriggerMoonStruck":20,"leftWeightToTriggerMoonStruck":10,"initialMovesDuringMoonStruck":5,"maxAllowedScaleDiff":9,"moveLimit":48,"useTotalWeightConditionToTriggerMoonStruck":false,"useSplitWeightConditionToTriggerMoonStruck":false,"episodeId":0,"numberOfColours":5,"portals":[],"scoreTargets":[40000,70000,95000],"gates":[],"protocolVersion":"0.3","levelId":0,"licoriceSpawn":0,"licoriceMax":0,"randomSeed":0,"pepperCandySpawn":0,"pepperCandyMax":0,"tileMap":[["002005025","002005","002005","002005","002005","002005","002005","002005","002005025"],["002","033","033","033","006021","033","033","033","002"],["002025","033","033","006020","006007","006020","033","033","002025"],["002","033","006020","006021","033","006021","006020","033","002"],["002025","006021","006007","033","033","033","006007","006021","002025"],["002","033","006020","006021","033","006021","006020","033","002"],["002025","033","033","006020","006007","006020","033","033","002025"],["002","033","033","033","006021","033","033","033","002"],["002025","002","002025","002","002025","002","002025","002","002025"]],"mysteryCandyMax":0,"gameModeName":"Order","mysteryCandySpawn":0,"chameleonCandyMax":0,"name":"order13_116_tweak1_by_Clau_48649","levelDefinitionId_meta":910266,"version_meta":3,"id_meta":1728}