{"_itemsToOrder":[{"item":6,"quantity":100},{"item":2,"quantity":100}],"chameleonCandyMax":0,"chameleonCandySpawn":0,"colorWeightAdjustments":[],"episodeId":6,"frogStomachSize":0,"gameModeName":"Order","gates":[[[5,7],[5,8],[2],[0]],[[5,8],[6,8],[1],[0]],[[6,8],[7,8],[1],[0]],[[7,8],[8,8],[1],[0]],[[8,8],[8,7],[0],[0]],[[8,7],[8,6],[0],[0]],[[8,6],[8,5],[0],[0]],[[8,5],[7,5],[3],[0]],[[7,5],[6,5],[3],[0]],[[3,0],[3,1],[2],[0]],[[3,1],[3,2],[2],[0]],[[1,3],[0,3],[3],[0]],[[0,3],[0,2],[0],[0]],[[0,2],[0,1],[0],[0]],[[0,1],[0,0],[0],[0]],[[0,0],[1,0],[1],[0]],[[1,0],[2,0],[1],[0]],[[2,0],[3,0],[1],[0]],[[6,5],[2,3],[3],[3]],[[2,3],[1,3],[3],[3]],[[3,2],[5,6],[2],[3]],[[5,6],[5,7],[2],[3]]],"initialMovesDuringMoonStruck":5,"initialMovesUntilMoonStruck":20,"isOwlModeEnabled":false,"leftWeightToTriggerMoonStruck":10,"levelId":6,"licoriceMax":7,"licoriceSpawn":0,"maxAllowedScaleDiff":9,"moveLimit":30,"mulockCandyMax":0,"mulockCandySpawn":0,"mysteryCandyMax":0,"mysteryCandySpawn":0,"name":"Ep52_Level7_V2_by_Rasmus_81051","numberOfColours":5,"pepperCandyExplosionTurns":0,"pepperCandyMax":0,"pepperCandySpawn":0,"portals":[],"protocolVersion":"0.3","randomSeed":0,"rightWeightToTriggerMoonStruck":10,"scoreTargets":[40000,80000,120000],"tileMap":[["002005","002005","002005","002005","002005","002005","002005","006021","000"],["002","035","035","002","002","002","006021","006024","006023"],["002","035","035","002","002","006021","006009","006023","006009"],["002","002","002","000","006021","006024","006023","006009","006009"],["002","002","002","006021","006009","006023","006009","006009","006009"],["002","002","006021","006024","006023","000","002","002","002"],["002","006021","006009","006023","006009","002","035","035","002"],["006021","006024","006023","006009","006009","002","035","035","002"],["000","006023","006009","006009","006009","002","002","002","002"]],"totalWeightToTriggerMoonStruck":20,"useSplitWeightConditionToTriggerMoonStruck":false,"useTotalWeightConditionToTriggerMoonStruck":false,"levelDefinitionId_meta":392851,"version_meta":1,"id_meta":762}