{"_itemsToOrder":[{"item":7,"quantity":4},{"item":8,"quantity":4}],"chameleonCandyMax":0,"chameleonCandySpawn":0,"gameModeName":"Order","ingredientSpawnDensity":15,"ingredients":[],"licoriceMax":0,"licoriceSpawn":0,"moveLimit":40,"mysteryCandyMax":0,"mysteryCandySpawn":0,"numIngredientsOnScreen":1,"numberOfColours":5,"pepperCandyExplosionTurns":20,"pepperCandyMax":0,"pepperCandySpawn":0,"portals":[],"protocolVersion":"0.3","randomSeed":0,"scoreTargets":[10000,75000,95000],"tileMap":[["002005","002005","002005","002005","002005","002005","002005","002005","002005"],["002","002025033","002","002025033","002","002025033","002","002025033","002"],["002","002","002","006009","006009","006009","002","002","002"],["002","002025033","006009","002025033","008018","002025033","006009","002025033","002"],["002","002","006009","008018","008018","008018","006009","002","002"],["002","002025033","006009","002025033","008018","002025033","006009","002025033","002"],["002","002","002","006009","006009","006009","002","002","002"],["002","002025033","002","002025033","002","002025033","002","002025033","002"],["002","002","002","002","002","002","002","002","002"]],"levelDefinitionId_meta":910336,"version_meta":2,"id_meta":330}