{"protocolVersion":"0.3","gameModeName":"Light up","numberOfColours":5,"randomSeed":0,"qa":false,"scoreTargets":[36000,86000,196000],"gates":[],"episodeId":0,"levelId":"109474","isOwlModeEnabled":false,"licoriceMax":0,"licoriceSpawn":0,"mulockCandyMax":0,"mulockCandySpawn":0,"pepperCandyMax":0,"pepperCandySpawn":0,"pepperCandyExplosionTurns":0,"mysteryCandyMax":0,"mysteryCandySpawn":0,"chameleonCandyMax":0,"chameleonCandySpawn":0,"stripedCandySpawn":0,"stripedCandyMax":0,"stripedRowCandySpawn":0,"stripedRowCandyMax":0,"stripedColumnCandySpawn":0,"stripedColumnCandyMax":0,"wrappedCandySpawn":0,"wrappedCandyMax":0,"fallingIcingMax":0,"fallingIcingSpawn":0,"frogStomachSize":0,"evilSpawnerElements":[],"evilSpawnerAmount":1,"evilSpawnerInterval":3,"moveLimit":34,"extraMovesMin":0,"extraMovesSpawn":0,"tileMap":[["002005","002005","002005","004005079","002005","004005079","002005","002005","002005"],["002","002","002","002","004080","002","002","002","002"],["002","002","004081","002004","004080","002004","004081","002","002"],["004079","002","002004","004082","002","004082","002004","002","004079"],["002","004080","004080","002","004083","002","004080","004080","002"],["004079","002","002004","004082","002","004082","002004","002","004079"],["002","002","004081","002004","004080","002004","004081","002","002"],["002","002","002","002","004080","002","002","002","002"],["002","002","002","004079","002","004079","002","002","002"]],"portals":[],"levelDefinitionId_meta":910280,"version_meta":7,"id_meta":1520}