{"protocolVersion":"0.3","gameModeName":"Light up","numberOfColours":5,"randomSeed":0,"qa":false,"scoreTargets":[92000,194000,300000],"gates":[[[0,4],[0,5],[2],[0]],[[0,5],[0,6],[2],[0]],[[0,6],[0,7],[2],[0]],[[0,7],[0,8],[2],[0]],[[0,8],[1,8],[1],[0]],[[1,8],[2,8],[1],[0]],[[2,8],[3,8],[1],[0]],[[3,8],[4,8],[1],[0]],[[4,8],[5,8],[1],[0]],[[8,4],[8,3],[0],[0]],[[8,3],[8,2],[0],[0]],[[8,2],[8,1],[0],[0]],[[8,1],[8,0],[0],[0]],[[8,0],[7,0],[3],[0]],[[7,0],[6,0],[3],[0]],[[6,0],[5,0],[3],[0]],[[5,0],[4,0],[3],[0]],[[4,0],[3,0],[3],[0]],[[3,0],[0,3],[3],[1]],[[0,3],[0,4],[2],[1]],[[5,8],[8,5],[1],[3]],[[8,5],[8,4],[0],[3]]],"episodeId":0,"levelId":"109377","isOwlModeEnabled":false,"licoriceMax":0,"licoriceSpawn":0,"mulockCandyMax":0,"mulockCandySpawn":0,"pepperCandyMax":0,"pepperCandySpawn":2,"pepperCandyExplosionTurns":15,"mysteryCandyMax":0,"mysteryCandySpawn":0,"chameleonCandyMax":0,"chameleonCandySpawn":0,"stripedCandySpawn":0,"stripedCandyMax":0,"stripedRowCandySpawn":0,"stripedRowCandyMax":0,"stripedColumnCandySpawn":0,"stripedColumnCandyMax":0,"wrappedCandySpawn":0,"wrappedCandyMax":0,"fallingIcingMax":0,"fallingIcingSpawn":0,"frogStomachSize":0,"evilSpawnerElements":[],"evilSpawnerAmount":1,"evilSpawnerInterval":3,"moveLimit":60,"extraMovesMin":0,"extraMovesSpawn":0,"tileMap":[["000","000","005022026029","002004005026029","002004005026029","002004005026029","002004005026029","002004005026029","002004005026029"],["000","005023026029","002004","022","000","021","002004","021","002004"],["005022026029","002004","002004","002004","022","002004","004054","002004","002004"],["002004","022","002004","023","002004","002004","002004","021","002004"],["002004","000","022","002004","096","002004","022","000","002004"],["002004","021","002004","002004","002004","023","002004","022","002004"],["002004","002004","004054","002004","022","002004","002004","002004","022"],["002004","021","002004","021","000","022","002004","023","000"],["002004","002004","002004","002004","002004","002004","022","000","000"]],"portals":[],"levelDefinitionId_meta":882394,"version_meta":6,"id_meta":1423}