{"gameModeName":"Order","tileMap":[["002005026","002005026","002005026","002005026","005006020026","005006009026","005006022026","005006009026","000"],["002","002","002","002","006009","006021","006009","006023","005018026028"],["002","002","002","002","006020","006009","006022","006009","000"],["002","002","002","002","006009","006021","006009","006023","005018026028"],["006020","006009","006020","006009","006020","006009","006022","006009","000"],["006009","006021","006009","006021","006009","006021","006009","006023","005018026028"],["006022","006009","006022","006009","006022","006009","006022","006009","000"],["006009","006023","006009","006023","006009","006023","006009","006023","005018026028"],["000","018","000","018","000","018","000","018","000"]],"initialMovesUntilMoonStruck":20,"timeCandySpawn":0,"timeCandyMax":0,"licoriceMax":6,"protocolVersion":"0.3","rightWeightToTriggerMoonStruck":10,"pepperCandySpawn":0,"stripedCandySpawn":0,"leftWeightToTriggerMoonStruck":10,"stripedCandyMax":0,"pepperCandyMax":0,"wrappedCandyMax":0,"initialMovesDuringMoonStruck":5,"mysteryCandyMax":0,"wrappedCandySpawn":0,"totalWeightToTriggerMoonStruck":20,"maxAllowedScaleDiff":9,"mysteryCandySpawn":0,"extraMovesMin":0,"useTotalWeightConditionToTriggerMoonStruck":false,"luckyCandyMax":0,"numberOfColours":4,"_itemsToOrder":[{"item":19,"quantity":12},{"item":16,"quantity":24},{"item":17,"quantity":48}],"useSplitWeightConditionToTriggerMoonStruck":false,"luckyCandySpawn":0,"randomSeed":0,"episodeId":0,"extraMovesSpawnRate":0,"chameleonCandyMax":0,"frogStomachSize":0,"portals":[],"scoreTargets":[10000,20000,30000],"chameleonCandySpawn":0,"isOwlModeEnabled":false,"gates":[],"mulockCandyMax":0,"licoriceSpawn":1,"pepperCandyExplosionTurns":20,"levelId":0,"mulockCandySpawn":0,"moveLimit":15,"levelDefinitionId_meta":685324,"version_meta":5,"id_meta":2904}