{"mysteryCandyMax":0,"portals":[],"mulockCandyMax":0,"episodeId":0,"randomSeed":0,"gates":[[[2,4],[3,4],[1],[0]],[[1,4],[2,4],[1],[0]],[[6,4],[5,4],[3],[0]],[[7,4],[6,4],[3],[0]],[[4,1],[4,2],[2],[0]],[[4,2],[4,3],[2],[0]],[[4,7],[4,6],[0],[0]],[[4,6],[4,5],[0],[0]],[[5,4],[8,4],[3],[1]],[[8,4],[7,4],[3],[1]],[[4,3],[4,0],[2],[1]],[[4,0],[4,1],[2],[1]],[[3,4],[0,4],[1],[1]],[[0,4],[1,4],[1],[1]],[[4,5],[4,8],[0],[1]],[[4,8],[4,7],[0],[1]]],"pepperCandyMax":0,"tileMap":[["002005","002005","002005","002005","005018","002005","002005","002005","002005"],["002","004006020","004006021","004006020","002","004006021","004006020","004006021","002"],["002","004006021","000","004006021","002","004006020","000","004006020","002"],["002","004006020","004006021","004006020","002","004006021","004006020","004006021","002"],["018","002","002","002","008018","002","002","002","018"],["002","004006021","004006020","004006021","002","004006020","004006021","004006020","002"],["002","004006020","000","004006020","002","004006021","000","004006021","002"],["002","004006021","004006020","004006021","002","004006020","004006021","004006020","002"],["002","002","002","002","018","002","002","002","002"]],"frogStomachSize":0,"scoreTargets":[100000,300000,500000],"levelId":0,"mysteryCandySpawn":0,"colorWeightAdjustments":[],"initialMovesUntilMoonStruck":8,"chameleonCandyMax":0,"pepperCandySpawn":0,"rightWeightToTriggerMoonStruck":10,"moveLimit":20,"totalWeightToTriggerMoonStruck":20,"leftWeightToTriggerMoonStruck":10,"initialMovesDuringMoonStruck":2,"protocolVersion":"0.3","maxAllowedScaleDiff":8,"useTotalWeightConditionToTriggerMoonStruck":false,"useSplitWeightConditionToTriggerMoonStruck":false,"licoriceMax":0,"isOwlModeEnabled":true,"pepperCandyExplosionTurns":8,"gameModeName":"Light up","numberOfColours":5,"chameleonCandySpawn":0,"mulockCandySpawn":0,"licoriceSpawn":0,"name":"DW_Level_580_by_Yonna_68378"}
