{"levelId":0,"mulockCandyMax":1,"mulockCandySpawn":0,"randomSeed":0,"chameleonCandySpawn":0,"timeCandyMax":0,"leftWeightToTriggerMoonStruck":10,"timeCandySpawn":0,"rightWeightToTriggerMoonStruck":10,"stripedCandyMax":0,"initialMovesUntilMoonStruck":20,"stripedCandySpawn":0,"protocolVersion":"0.3","initialMovesDuringMoonStruck":5,"wrappedCandyMax":0,"maxAllowedScaleDiff":9,"numberOfColours":5,"totalWeightToTriggerMoonStruck":20,"scoreTargets":[100000,150000,240000],"episodeId":0,"useSplitWeightConditionToTriggerMoonStruck":false,"frogStomachSize":0,"portals":[],"wrappedCandySpawn":0,"isOwlModeEnabled":false,"gates":[],"pepperCandyExplosionTurns":10,"licoriceSpawn":0,"licoriceMax":0,"moveLimit":12,"tileMap":[["000","002005026","002005026029","002005026","002005026029","002005026","002005026029","002005026","000"],["002","002","002","006020","006020","006020","002","002","002"],["002","002","002","006020","051","006020","002","002","002"],["002","006020","006020","006020","006021","006020","006020","006020","002"],["002","006020","051","006021","041048","006021","051","006020","002"],["002","006020","006020","006020","006021","006020","006020","006020","002"],["002","002","002","006020","051","006020","002","002","002"],["002","002","002","006020","006020","006020","002","002","002"],["000","002010","002010","002010","002010","002010","002010","002010","000"]],"pepperCandySpawn":0,"gameModeName":"Drop down","pepperCandyMax":6,"mysteryCandyMax":0,"ingredients":[0,1],"mysteryCandySpawn":0,"maxNumIngredientsOnScreen":0,"luckyCandyMax":0,"useTotalWeightConditionToTriggerMoonStruck":false,"ingredientSpawnDensity":0,"luckyCandySpawn":0,"chameleonCandyMax":0,"numIngredientsOnScreen":0,"name":"episode168level8_tweak_by_seb_25859","levelDefinitionId_meta":685539,"version_meta":2,"id_meta":2503}