{"protocolVersion":"0.3","gameModeName":"Light up","numberOfColours":5,"randomSeed":0,"qa":false,"scoreTargets":[82000,200000,220000],"portals":[],"gates":[[[0,6],[0,5],[0],[0]],[[0,5],[0,4],[0],[0]],[[0,4],[0,3],[0],[0]],[[0,3],[0,2],[0],[0]],[[0,2],[1,2],[1],[0]],[[1,1],[2,1],[1],[0]],[[2,0],[3,0],[1],[0]],[[3,0],[4,0],[1],[0]],[[4,0],[5,0],[1],[0]],[[5,0],[6,0],[1],[0]],[[6,1],[7,1],[1],[0]],[[7,2],[8,2],[1],[0]],[[1,2],[1,1],[0],[0]],[[2,1],[2,0],[0],[0]],[[1,7],[1,6],[0],[0]],[[2,8],[2,7],[0],[0]],[[6,8],[5,8],[3],[0]],[[5,8],[4,8],[3],[0]],[[4,8],[3,8],[3],[0]],[[3,8],[2,8],[3],[0]],[[2,7],[1,7],[3],[0]],[[1,6],[0,6],[3],[0]],[[6,0],[6,1],[2],[0]],[[7,1],[7,2],[2],[0]],[[8,2],[8,3],[2],[0]],[[8,3],[8,4],[2],[0]],[[8,4],[8,5],[2],[0]],[[8,5],[8,6],[2],[0]],[[7,6],[7,7],[2],[0]],[[6,7],[6,8],[2],[0]],[[7,7],[6,7],[3],[0]],[[8,6],[7,6],[3],[0]]],"episodeId":0,"levelId":"130749","isOwlModeEnabled":false,"licoriceMax":12,"licoriceSpawn":0,"mulockCandyMax":0,"mulockCandySpawn":0,"pepperCandyMax":0,"pepperCandySpawn":0,"pepperCandyExplosionTurns":0,"mysteryCandyMax":0,"mysteryCandySpawn":0,"chameleonCandyMax":0,"chameleonCandySpawn":0,"stripedCandySpawn":0,"stripedCandyMax":0,"wrappedCandySpawn":0,"wrappedCandyMax":0,"fallingIcingMax":0,"fallingIcingSpawn":0,"frogStomachSize":0,"evilSpawnerElements":[],"evilSpawnerAmount":1,"evilSpawnerInterval":3,"moveLimit":28,"extraMovesMin":0,"extraMovesSpawn":0,"tileMap":[["004017008005028","000","002005004026","002005004026","002005004026","002005004026","002005004026","000","004017008005028"],["000","002004","002004","007","007","007","002004","002004","000"],["002004","002004","007","020025","020025","020025","007","002004","002004"],["002004","007","020025","004023025","066","004023025","020025","007","002004"],["002004","007","020025","066","004023025","066","020025","007","002004"],["002004","007","020025","004023025","066","004023025","020025","007","002004"],["002004","002004","007","020025","020025","020025","007","002004","002004"],["000","002004","002004","007","007","007","002004","004002","000"],["004017008005028","000","002004","002004","002004","002004","002004","000","004017008005028"]],"levelDefinitionId_meta":564857,"version_meta":7,"id_meta":3436}