{"gameModeName":"Light up","scoreTargets":[118000,200000,360000],"evilSpawnerAmount":1,"useSplitWeightConditionToTriggerMoonStruck":false,"isOwlModeEnabled":false,"evilSpawnerElements":[9],"numberOfColours":5,"frogStomachSize":0,"tileMap":[["004005006020","002004005","002004005","002004005","000","002004005","002004005","002004005","004005006020"],["002004","004006020","002","002004","002004","002004","002","004006020","002004"],["002004","002","004006021","002","002","002","004006021","002","002004"],["002004","002004","002","004006021","002004","004006021","002","002004","002004"],["004006062","002004","002","002004","000","002004","002","002004","004006062"],["002004","002004","002","004006021","002004","004006021","002","002004","002004"],["002004","002","004006021","002","002","002","004006021","002","002004"],["002004","004006020","002","002004","002004","002004","002","004006020","002004"],["004006020","002004","002004","002004","004006062","002004","002004","002004","004006020"]],"protocolVersion":"0.3","levelId":0,"episodeId":0,"moveLimit":25,"portals":[],"gates":[],"useTotalWeightConditionToTriggerMoonStruck":false,"licoriceSpawn":0,"licoriceMax":0,"pepperCandySpawn":0,"pepperCandyMax":0,"mysteryCandyMax":0,"initialMovesUntilMoonStruck":20,"mysteryCandySpawn":0,"leftWeightToTriggerMoonStruck":10,"chameleonCandyMax":0,"rightWeightToTriggerMoonStruck":10,"maxAllowedScaleDiff":9,"totalWeightToTriggerMoonStruck":20,"mulockCandyMax":0,"randomSeed":0,"initialMovesDuringMoonStruck":5,"mulockCandySpawn":0,"chameleonCandySpawn":0,"pepperCandyExplosionTurns":0,"evilSpawnerInterval":3,"name":"Spacy_tweak_by_Par_40308","levelDefinitionId_meta":685163,"version_meta":2,"id_meta":1436}