{"protocolVersion":"0.3","gameModeName":"Light up","numberOfColours":5,"randomSeed":0,"qa":false,"scoreTargets":[30000,90000,150000],"portals":[],"gates":[],"episodeId":6,"levelId":6,"isOwlModeEnabled":false,"licoriceMax":0,"licoriceSpawn":0,"mulockCandyMax":0,"mulockCandySpawn":0,"pepperCandyMax":0,"pepperCandySpawn":0,"pepperCandyExplosionTurns":0,"mysteryCandyMax":0,"mysteryCandySpawn":0,"chameleonCandyMax":0,"chameleonCandySpawn":0,"stripedCandySpawn":0,"stripedCandyMax":0,"stripedRowCandySpawn":0,"stripedRowCandyMax":0,"stripedColumnCandySpawn":0,"stripedColumnCandyMax":0,"wrappedCandySpawn":0,"wrappedCandyMax":0,"fallingIcingMax":0,"fallingIcingSpawn":0,"frogStomachSize":0,"evilSpawnerElements":[],"evilSpawnerAmount":1,"evilSpawnerInterval":3,"moveLimit":30,"extraMovesMin":0,"extraMovesSpawn":0,"tileMap":[["004005033","000","000","000","004005033","000","000","000","004005033"],["000","002004","005081","002004005","081","002004005","005081","002004","000"],["000","081","002004","021","002004","021","002004","081","000"],["000","002004","021","002004","002003","002004","021","002004","000"],["004008046","081","002004","002003","002004","002003","002004","081","004008046"],["000","002004","021","002004","002003","002004","021","002004","000"],["000","081","002004","021","002004","021","002004","081","000"],["000","002004","081","002004","081","002004","081","002004","000"],["004033","000","000","000","004033","000","000","000","004033"]],"levelDefinitionId_meta":668915,"version_meta":9,"id_meta":826}