{"totalWeightToTriggerMoonStruck":20,"chameleonCandySpawn":0,"randomSeed":0,"initialMovesDuringMoonStruck":5,"mulockCandyMax":0,"chameleonCandyMax":0,"numberOfColours":5,"gameModeName":"Light up","pepperCandyExplosionTurns":0,"useSplitWeightConditionToTriggerMoonStruck":false,"frogStomachSize":0,"mulockCandySpawn":0,"isOwlModeEnabled":false,"scoreTargets":[128000,280000,350000],"tileMap":[["002005","002005","002005","002005","004005006020","004005006021","004005006022","004005006023","004005006020"],["002","002","002","002","004006020","004006021","004006022","004006023","002004058"],["002","002","002","002","004006020","004006021","004006022","004006023","002004059"],["002","002","002","002","004006020","004006021","004006022","004006023","002004055"],["004006020","004006020","004006020","004006020","004025047","004006021","004006022","004006023","002004060"],["004006021","004006021","004006021","004006021","004006021","004025047","004006022","004006023","002004059"],["004006022","004006022","004006022","004006022","004006022","004006022","004025047","004006023","002004058"],["004006023","004006023","004006023","004006023","004006023","004006023","004006023","004025047","002004057"],["006024","002004058","002004059","002004055","002004060","002004059","002004058","002004057","002004055"]],"protocolVersion":"0.3","levelId":0,"moveLimit":50,"episodeId":0,"portals":[],"useTotalWeightConditionToTriggerMoonStruck":false,"gates":[],"licoriceSpawn":0,"licoriceMax":0,"pepperCandySpawn":0,"pepperCandyMax":0,"initialMovesUntilMoonStruck":20,"mysteryCandyMax":0,"leftWeightToTriggerMoonStruck":10,"mysteryCandySpawn":0,"rightWeightToTriggerMoonStruck":10,"maxAllowedScaleDiff":9,"name":"Ep86_Level_03_tweak_by_Par_by_Par_70850","levelDefinitionId_meta":393866,"version_meta":1,"id_meta":1268}