{"protocolVersion":"0.3","gameModeName":"Jelly Order","numberOfColours":4,"randomSeed":0,"qa":false,"scoreTargets":[20000,125000,130000],"gates":[],"episodeId":0,"levelId":"202843","isOwlModeEnabled":false,"licoriceMax":0,"licoriceSpawn":3,"mulockCandyMax":0,"mulockCandySpawn":0,"pepperCandyMax":0,"pepperCandySpawn":0,"pepperCandyExplosionTurns":0,"mysteryCandyMax":0,"mysteryCandySpawn":0,"chameleonCandyMax":0,"chameleonCandySpawn":0,"stripedCandySpawn":4,"stripedCandyMax":0,"stripedRowCandySpawn":0,"stripedRowCandyMax":0,"stripedColumnCandySpawn":0,"stripedColumnCandyMax":0,"wrappedCandySpawn":4,"wrappedCandyMax":0,"fallingIcingMax":0,"fallingIcingSpawn":0,"frogStomachSize":0,"evilSpawnerElements":[2,9],"evilSpawnerAmount":1,"evilSpawnerInterval":3,"moveLimit":20,"extraMovesMin":0,"extraMovesSpawn":0,"_itemsToOrder":[{"item":19,"quantity":15}],"luckyCandyMax":0,"luckyCandySpawn":0,"tileMap":[["002005026071003","002005026028071003","002005026028003","002005026003","005026072004017028","002005026003","002005026028003","002005026028071003","002005026071003"],["002003","002003","002003","002003","004017","002003","002003","002003","002003"],["002003","002003","000","000","004017","000","000","002003","002003"],["002003","002003","000","004023","004022","004023","000","002003","002003"],["004017","004017","004017","004022","004062","004022","004017","004017","004017"],["002003","002003","000","004023","004022","004023","000","002003","002003"],["002003","002003","000","000","004017","000","000","002003","002003"],["002003","002003","002003","002003","004017","002003","002003","002003","002003"],["002003","002003","002003","002003","017003","002003","002003","002003","002003"]],"portals":[],"levelDefinitionId_meta":964869,"version_meta":22,"id_meta":4604}