{"protocolVersion":"0.3","gameModeName":"Light up","numberOfColours":4,"randomSeed":0,"qa":false,"scoreTargets":[140000,650000,700000],"portals":[],"gates":[],"episodeId":0,"levelId":"150916","isOwlModeEnabled":false,"licoriceMax":0,"licoriceSpawn":0,"mulockCandyMax":0,"mulockCandySpawn":0,"pepperCandyMax":0,"pepperCandySpawn":0,"pepperCandyExplosionTurns":0,"mysteryCandyMax":0,"mysteryCandySpawn":0,"chameleonCandyMax":0,"chameleonCandySpawn":0,"stripedCandySpawn":3,"stripedCandyMax":0,"stripedRowCandySpawn":0,"stripedRowCandyMax":0,"stripedColumnCandySpawn":0,"stripedColumnCandyMax":0,"wrappedCandySpawn":3,"wrappedCandyMax":0,"fallingIcingMax":4,"fallingIcingSpawn":0,"frogStomachSize":0,"evilSpawnerElements":[],"evilSpawnerAmount":1,"evilSpawnerInterval":3,"moveLimit":28,"extraMovesMin":0,"extraMovesSpawn":0,"tileMap":[["002005004026","002005004026","002005004026","005004090026002","005004090026019","005004090026019","000","000","000"],["002004","002004","002004","004002","004019","004020","004020","000","004005072047"],["002004","002004","002004","004019","004019","004020","004021","004020","000"],["004002","004002","004019","004019","004020","004020","004021","004020","004022"],["004019","004019","004019","004020","004019","004020","004021","004021","004022"],["004019","004020","004020","004020","004020","004054","004021","004021","004022"],["000","004020","004021","004021","004021","004021","004054","004021","004022"],["000","000","004020","004020","004021","004021","004021","004054","004022"],["000","004005045071","000","004022","004022","004022","004022","004022","004023"]],"levelDefinitionId_meta":825345,"version_meta":11,"id_meta":4024}