{"_itemsToOrder":[{"item":7,"quantity":5},{"item":8,"quantity":5}],"chameleonCandyMax":0,"chameleonCandySpawn":0,"gameModeName":"Order","gates":[],"initialMovesDuringMoonStruck":5,"initialMovesUntilMoonStruck":20,"isOwlModeEnabled":true,"leftWeightToTriggerMoonStruck":0,"licoriceMax":0,"licoriceSpawn":0,"maxAllowedScaleDiff":10,"moveLimit":30,"mysteryCandyMax":0,"mysteryCandySpawn":0,"name":"dw_level_330_by_Yan_44775","numberOfColours":6,"pepperCandyExplosionTurns":20,"pepperCandyMax":0,"pepperCandySpawn":0,"portals":[],"protocolVersion":"0.3","randomSeed":0,"rightWeightToTriggerMoonStruck":0,"scoreTargets":[30000,105000,150000],"tileMap":[["002005","002005","002005","002005","002005","002005","002005","002005","002005"],["002","002025033","002","002025033","002","002025033","002","002025033","002"],["002","002","002","006009","006009","006009","002","002","002"],["002","002025033","006009","002025033","008018","002025033","006009","002025033","002"],["002","002","006009","008018","008018","008018","006009","002","002"],["002","002025033","006009","002025033","008018","002025033","006009","002025033","002"],["002","002","002","006009","006009","006009","002","002","002"],["002","002025033","002","002025033","002","002025033","002","002025033","002"],["002","002","002","002","002","002","002","002","002"]],"totalWeightToTriggerMoonStruck":0,"useSplitWeightConditionToTriggerMoonStruck":false,"useTotalWeightConditionToTriggerMoonStruck":false}